log-dir: log_vast/log915/benchmark_baseline
model:   qwen2.5-0.5b (Qwen2.5-0.5B-Instruct)
batch: [1, 2, 4, 8, 16, 32, 64, 128, 256, 512, 1024]
ttft: [23.395, 23.425, 23.548, 35.271, 65.337, 62.359, 65.63, 75.098, 91.996, 122.129, 204.53]
tpot: [22.915, 24.05, 24.213, 24.754, 25.728, 28.23, 32.867, 44.625, 66.455, 107.451, 195.266]
itl: [22.915, 24.05, 24.213, 24.754, 25.728, 28.23, 32.867, 44.625, 66.455, 107.451, 195.266]
throughput: [43.626, 83.166, 165.212, 322.06, 614.349, 1120.561, 1924.347, 2834.475, 3801.269, 4681.696, 5094.63]
==============================================================================
 batch   TTFT ms   TPOT ms      tok/s  tok/s/req  sc.eff  Little   gain   cost    g/c
     1     23.39     22.91       43.6      43.64    1.00   1.000      -      -      -
     2     23.43     24.05       83.2      41.58    0.95   1.000   1.91   1.05   1.82
     4     23.55     24.21      165.2      41.30    0.95   1.000   1.99   1.01   1.97
     8     35.27     24.75      322.1      40.40    0.92   0.997   1.95   1.02   1.91
    16     65.34     25.73      614.3      38.87    0.88   0.988   1.91   1.04   1.84
    32     62.36     28.23     1120.6      35.42    0.80   0.989   1.82   1.10   1.66
    64     65.63     32.87     1924.3      30.43    0.69   0.988   1.72   1.16   1.48
   128     75.10     44.62     2834.5      22.41    0.51   0.988   1.47   1.36   1.08
   256     92.00     66.45     3801.3      15.05    0.34   0.987   1.34   1.49   0.90
   512    122.13    107.45     4681.7       9.31    0.21   0.983   1.23   1.62   0.76
  1024    204.53    195.27     5094.6       5.12    0.11   0.971   1.09   1.82   0.60

last profitable doubling ends at batch = 128 (gain/cost > 1)
saturated aggregate throughput  ~ 5095 tok/s
roofline assumes Qwen2.5-0.5B-Instruct (0.494 B params, 0.99 GB @ 2 B/param) on RTX 4090 (1008 GB/s, 165 TFLOP/s)
MBU at batch=1 (weights only)   ~ 4.3 %
MFU at batch=1024 (2*N*tok/s)    ~ 3.1 %
==============================================================================
