log-dir: log_vast/log915/benchmark_baseline2
model:   qwen2.5-0.5b (Qwen2.5-0.5B-Instruct)
batch: [1, 2, 4, 8, 16, 32, 64, 128, 256, 512, 1024]
ttft: [23.1, 23.44, 23.547, 34.866, 65.161, 62.277, 66.155, 74.895, 91.812, 121.967, 204.282]
tpot: [22.847, 24.191, 24.404, 24.691, 25.418, 28.346, 32.778, 44.189, 66.22, 106.903, 194.381]
itl: [22.847, 24.191, 24.404, 24.691, 25.418, 28.346, 32.778, 44.189, 66.22, 106.903, 194.381]
throughput: [43.759, 82.684, 163.928, 322.907, 621.753, 1116.092, 1929.263, 2861.773, 3814.851, 4705.323, 5118.328]
==============================================================================
 batch   TTFT ms   TPOT ms      tok/s  tok/s/req  sc.eff  Little   gain   cost    g/c
     1     23.10     22.85       43.8      43.77    1.00   1.000      -      -      -
     2     23.44     24.19       82.7      41.34    0.94   1.000   1.89   1.06   1.78
     4     23.55     24.40      163.9      40.98    0.94   1.000   1.98   1.01   1.97
     8     34.87     24.69      322.9      40.50    0.92   0.997   1.97   1.01   1.95
    16     65.16     25.42      621.8      39.34    0.89   0.988   1.93   1.03   1.87
    32     62.28     28.35     1116.1      35.28    0.80   0.989   1.80   1.12   1.61
    64     66.16     32.78     1929.3      30.51    0.69   0.988   1.73   1.16   1.49
   128     74.89     44.19     2861.8      22.63    0.51   0.988   1.48   1.35   1.10
   256     91.81     66.22     3814.9      15.10    0.34   0.987   1.33   1.50   0.89
   512    121.97    106.90     4705.3       9.35    0.21   0.982   1.23   1.61   0.76
  1024    204.28    194.38     5118.3       5.14    0.11   0.972   1.09   1.82   0.60

last profitable doubling ends at batch = 128 (gain/cost > 1)
saturated aggregate throughput  ~ 5118 tok/s
roofline assumes Qwen2.5-0.5B-Instruct (0.494 B params, 0.99 GB @ 2 B/param) on RTX 4090 (1008 GB/s, 165 TFLOP/s)
MBU at batch=1 (weights only)   ~ 4.3 %
MFU at batch=1024 (2*N*tok/s)    ~ 3.1 %
==============================================================================
